ee ee ee.
CHARLOTTETOWN WATER AND SEWER CORPORATION SUPERANNUATION PLAN
NOTES TO THE FINANCIAL STATEMENTS
YEAR ENDED DECEMBER 31, 2023
4. Long Term Investments (continued)
Fund investment assets recorded at fair value have been categorized based upon a fair value hierarchy of
significant inputs used in measuring fair value. The following fair value hierarchy table presents information
about the Plan's assets measured at fair value on a recurring basis at December 31, 2023:
Level 1 Level 2 Level 3 Total
Short term investments $ - $ 47,436 $ - $ 47,436
Fixed income 999,736 999,736
Fixed income - other funds - 3,662,262 19,318 3,681,580
Equities 1,870,650 - - 1,870,650
Equities - other funds - 183 32,931 33,114
Properties held for income : : 3,577,713 3,577,713
Total long term investments _$ 1,870,650 $ 4,709,617 $ 3,629,962 $ 10,210,229
The following fair value hierarchy table presents information about the Plan's assets measured at fair value
on a recurring basis at December 31, 2022:
Level 1 Level 2 Level 3 Total
| Short term investments $ ss $ 348,525 $ “ $ 348,525
| Fixed income - 2,577,130 - 2,577,130
| Fixed income - other funds 5	1	1	1	22	8	804	1073	7	2	2.757835	”5	1	1	1	22	9	986	1073	7	2	1.981644	”5	1	1	1	22	10	1169	1073	7	2	69.668663	-4	1	1	1	23	0	159	1094	1087	33	-1	5	1	1	1	23	1	159	1094	84	33	96.449539	Equities5	1	1	1	23	2	576	1097	109	22	96.392876	6,635,0455	1	1	1	23	3	804	1108	7	2	90.849335	-5	1	1	1	23	4	986	1108	7	2	88.207932	-5	1	1	1	23	5	1139	1097	107	23	96.661812	6,635,0454	1	1	1	24	0	159	1132	1087	24	-1	5	1	1	1	24	1	159	1133	84	23	93.286255	Equities5	1	1	1	24	2	252	1143	7	3	93.208626	-5	1	1	1	24	3	267	1133	56	18	96.949677	other5	1	1	1	24	4	330	1132	59	19	96.797943	funds5	1	1	1	24	5	625	1132	60	21	96.441849	2,5765	1	1	1	24	6	804	1142	8	2	61.526573	-5	1	1	1	24	7	986	1142	7	3	82.382172	-5	1	1	1	24	8	1187	1132	59	22	96.425247	2,5764	1	1	1	25	0	157	1168	1089	24	-1	5	1	1	1	25	1	157	1169	53	19	92.744133	Total5	1	1	1	25	2	220	1169	44	23	92.744133	long5	1	1	1	25	3	273	1169	47	19	83.637566	term5	1	1	1	25	4	331	1169	129	18	79.532684	investments5	1	1	1	25	5	505	1168	12	22	76.846344	$5	1	1	1	25	6	576	1168	106	23	59.296486	6,637,6215	1	1	1	25	7	713	1168	12	22	59.296486	$5	1	1	1	25	8	772	1169	108	22	81.126617	2,925,6555	1	1	1	25	9	909	1168	12	22	74.799545	$5	1	1	1	25	10	986	1179	7	3	91.886078	-5	1	1	1	25	11	1076	1168	12	22	93.138107	$5	1	1	1	25	12	1139	1169	107	22	96.413658	9,563,2764	1	1	1	26	0	161	1234	1198	24	-1	5	1	1	1	26	1	161	1234	69	24	96.853447	During5	1	1	1	26	2	243	1234	33	19	96.771301	the5	1	1	1	26	3	288	1239	59	19	96.674072	years5	1	1	1	26	4	360	1234	65	19	96.548630	ended5	1	1	1	26	5	440	1234	114	19	96.535622	December5	1	1	1	26	6	566	1234	31	22	96.549736	31,5	1	1	1	26	7	611	1234	54	19	96.249306	20235	1	1	1	26	8	677	1234	39	19	96.722031	and5	1	1	1	26	9	730	1234	114	19	96.751526	December5	1	1	1	26	10	856	1234	30	22	96.801498	31,5	1	1	1	26	11	900	1234	59	22	96.798370	2022,5	1	1	1	26	12	973	1234	55	19	96.525932	there5	1	1	1	26	13	1040	1239	53	14	96.540237	were5	1	1	1	26	14	1106	1239	25	14	96.540237	no5	1	1	1	26	15	1144	1234	108	24	96.608223	significant5	1	1	1	26	16	1264	1234	95	19	96.632683	transfers4	1	1	1	27	0	161	1263	165	19	-1	5	1	1	1	27	1	161	1263	89	19	96.189453	between5	1	1	1	27	2	260	1263	66	19	96.588715	levels.4	1	1	1	28	0	124	1350	387	26	-1	5	1	1	1	28	1	124	1351	20	20	95.577538	5.5	1	1	1	28	2	161	1350	95	21	96.416420	Related5	1	1	1	28	3	268	1350	65	26	95.905762	Party5	1	1	1	28	4	343	1350	168	21	96.735420	Transactions4	1	1	1	29	0	160	1410	1198	25	-1	5	1	1	1	29	1	160	1411	41	19	96.988495	The5	1	1	1	29	2	211	1412	93	18	96.437546	amounts5	1	1	1	29	3	314	1411	40	19	96.437546	due5	1	1	1	29	4	363	1412	19	18	95.740479	to5	1	1	1	29	5	391	1411	64	24	95.740479	(from)5	1	1	1	29	6	467	1411	72	19	96.693222	related5	1	1	1	29	7	551	1410	72	24	96.951218	parties5	1	1	1	29	8	632	1415	35	14	93.223412	are5	1	1	1	29	9	676	1411	129	18	92.339584	non-interest5	1	1	1	29	10	815	1410	79	24	96.854889	bearing5	1	1	1	29	11	904	1411	39	18	96.836014	and5	1	1	1	29	12	954	1411	51	18	96.574028	have5	1	1	1	29	13	1014	1415	26	14	96.958916	no5	1	1	1	29	14	1049	1411	82	23	96.992737	specific5	1	1	1	29	15	1139	1411	61	19	96.915390	terms5	1	1	1	29	16	1210	1411	20	18	97.016335	of5	1	1	1	29	17	1239	1411	119	24	96.389313	repayment.4	1	1	1	30	0	160	1439	649	24	-1	5	1	1	1	30	1	160	1440	41	19	96.952202	The5	1	1	1	30	2	210	1440	93	23	96.843048	following5	1	1	1	30	3	313	1445	34	14	96.990997	are5	1	1	1	30	4	355	1440	32	19	96.563423	the5	1	1	1	30	5	396	1440	94	18	96.726891	amounts5	1	1	1	30	6	499	1439	39	19	96.447868	due5	1	1	1	30	7	546	1440	20	18	96.936256	to5	1	1	1	30	8	575	1439	65	24	95.652740	(from)5	1	1	1	30	9	650	1439	72	19	96.894859	related5	1	1	1	30	10	732	1439	77	24	96.581612	parties:4	1	1	1	31	0	1128	1497	231	18	-1	5	1	1	1	31	1	1128	1497	52	18	96.835480	20235	1	1	1	31	2	1307	1497	52	18	96.747169	20224	1	1	1	32	0	161	1553	1199	25	-1	5	1	1	1	32	1	161	1555	40	23	96.991135	City5	1	1	1	32	2	209	1554	21	19	97.017403	of5	1	1	1	32	3	237	1554	149	19	96.823448	Charlottetown5	1	1	1	32	4	395	1554	173	24	96.592079	Superannuation5	1	1	1	32	5	579	1554	45	19	96.262077	Plan5	1	1	1	32	6	1030	1553	12	22	93.165344	$5	1	1	1	32	7	1095	1554	86	23	89.288277	131,7105	1	1	1	32	8	1210	1554	12	21	57.746273	$5	1	1	1	32	9	1275	1554	85	22	96.291634	131,7104	1	1	1	33	0	161	1583	1208	24	-1	5	1	1	1	33	1	161	1583	149	19	96.779602	Charlottetown5	1	1	1	33	2	319	1583	67	19	96.682419	Water5	1	1	1	33	3	393	1583	39	19	96.748459	and5	1	1	1	33	4	442	1583	69	19	96.804314	Sewer5	1	1	1	33	5	519	1583	127	24	96.591438	Corporation5	1	1	1	33	6	1100	1583	90	24	96.290520	(20,764)5	1	1	1	33	7	1279	1583	90	24	96.425224	(16,607)4	1	1	1	34	0	161	1640	1200	25	-1	5	1	1	1	34	1	161	1641	53	19	96.977211	Total5	1	1	1	34	2	223	1641	39	19	95.762276	due5	1	1	1	34	3	270	1642	19	18	95.762276	to5	1	1	1	34	4	299	1641	72	19	96.545731	related5	1	1	1	34	5	382	1641	70	24	92.892448	parties5	1	1	1	34	6	1030	1640	12	22	91.502480	$5	1	1	1	34	7	1095	1641	86	22	76.337357	110,9465	1	1	1	34	8	1210	1641	12	21	53.020664	$5	1	1	1	34	9	1275	1641	86	22	96.352989	115,1034	1	1	1	35	0	162	1727	1197	25	-1	5	1	1	1	35	1	162	1728	69	24	96.572189	During5	1	1	1	35	2	241	1728	33	18	96.572189	the5	1	1	1	35	3	283	1732	52	20	96.978226	year,5	1	1	1	35	4	346	1727	72	23	96.820206	$4,1575	1	1	1	35	5	428	1728	61	23	93.301178	(20225	1	1	1	35	6	499	1738	7	2	93.178505	-5	1	1	1	35	7	515	1727	82	24	96.938004	$2,959)5	1	1	1	35	8	607	1727	16	19	96.690483	in5	1	1	1	35	9	634	1727	130	19	96.672379	Harmonized5	1	1	1	35	10	774	1728	61	18	96.679764	Sales5	1	1	1	35	11	844	1728	40	18	97.000595	Tax5	1	1	1	35	12	894	1728	80	18	96.969719	rebates5	1	1	1	35	13	984	1728	87	18	97.004578	incurred5	1	1	1	35	14	1082	1728	23	23	96.961876	by5	1	1	1	35	15	1114	1728	32	18	96.933388	the5	1	1	1	35	16	1156	1728	46	18	96.909851	Plan5	1	1	1	35	17	1211	1732	43	14	96.236404	was5	1	1	1	35	18	1263	1728	96	18	96.236404	allocated4	1	1	1	36	0	161	1756	560	24	-1	5	1	1	1	36	1	161	1758	19	18	96.354332	to5	1	1	1	36	2	188	1757	33	18	96.871544	the5	1	1	1	36	3	230	1757	150	18	96.670166	Charlottetown5	1	1	1	36	4	387	1756	68	19	96.398994	Water5	1	1	1	36	5	463	1756	39	19	96.910477	and5	1	1	1	36	6	511	1756	69	19	96.149635	Sewer5	1	1	1	36	7	588	1756	133	24	96.097343	Corporation.
